filter_contour_by_hand
64 32 39.8463
128 32 39.5407
256 32 39.2519
512 32 39.3055
1024 32 39.4459
2048 32 36.4367
4096 32 34.1042
8192 32 34.5539
64 64 34.2767
128 64 34.0972
256 64 34.155
512 64 33.8592
1024 64 33.8991
2048 64 34.0612
4096 64 33.9252
8192 64 33.9161
64 128 34.0034
128 128 33.8314
256 128 33.8543
512 128 34.0268
1024 128 33.9459
2048 128 34.2715
4096 128 34.3027
8192 128 34.164
64 256 34.1789
128 256 34.1811
256 256 33.841
512 256 36.3867
1024 256 35.066
2048 256 34.1054
4096 256 33.9894
8192 256 34.5121
64 512 33.9702
128 512 34.1738
256 512 34.2333
512 512 34.1933
1024 512 34.277
2048 512 34.3059
4096 512 34.2271
8192 512 34.1965
64 1024 34.1854
128 1024 33.9942
256 1024 34.1195
512 1024 34.3478
1024 1024 33.9355
2048 1024 34.2154
4096 1024 34.3651
8192 1024 34.2941
--------------------------------------
merge_close_contours
64 32 0.20816
128 32 0.188704
256 32 0.181536
512 32 0.185312
1024 32 0.184928
2048 32 0.19776
4096 32 0.225504
8192 32 0.3568
64 64 0.18112
128 64 0.17024
256 64 0.183104
512 64 0.176416
1024 64 0.175744
2048 64 0.182176
4096 64 0.20064
8192 64 0.313824
64 128 0.176576
128 128 0.170208
256 128 0.17008
512 128 0.170112
1024 128 0.173184
2048 128 0.178496
4096 128 0.196256
8192 128 0.311328
64 256 0.174368
128 256 0.282912
256 256 0.171648
512 256 0.170336
1024 256 0.178048
2048 256 0.191936
4096 256 0.214816
8192 256 0.34208
64 512 0.176096
128 512 0.174336
256 512 0.181856
512 512 0.1784
1024 512 0.196928
2048 512 0.222592
4096 512 0.264416
8192 512 0.434528
64 1024 0.181984
128 1024 0.181696
256 1024 0.196256
512 1024 0.2176
1024 1024 0.269888
2048 1024 0.338272
4096 1024 0.471072
8192 1024 0.793824
--------------------------------------
filter_vector_by_min
64 32 0.952
128 32 0.759808
256 32 0.73728
512 32 0.740352
1024 32 0.740352
2048 32 0.72704
4096 32 0.9472
8192 32 0.797696
64 64 0.730112
128 64 0.713728
256 64 0.72704
512 64 0.719872
1024 64 0.744448
2048 64 0.728064
4096 64 0.723968
8192 64 0.733184
64 128 0.720896
128 128 0.722944
256 128 0.703488
512 128 0.710656
1024 128 0.700416
2048 128 0.754688
4096 128 0.719872
8192 128 0.736256
64 256 0.703488
128 256 0.729088
256 256 0.745472
512 256 0.713728
1024 256 0.72704
2048 256 0.73216
4096 256 0.781312
8192 256 0.777216
64 512 0.723968
128 512 0.719872
256 512 0.779264
512 512 0.731136
1024 512 0.72704
2048 512 0.736256
4096 512 0.759808
8192 512 0.847872
64 1024 0.718848
128 1024 0.73216
256 1024 0.771072
512 1024 0.769024
1024 1024 0.780288
2048 1024 0.818176
4096 1024 0.898048
8192 1024 1.02502
--------------------------------------
remove_all_duplicate_points
64 32 529.188
128 32 489.635
256 32 491.802
512 32 491.48
1024 32 493.989
2048 32 491.565
4096 32 493.31
8192 32 491.534
64 64 493.243
128 64 491.549
256 64 493.37
512 64 491.551
1024 64 493.206
2048 64 491.537
4096 64 493.025
8192 64 492.007
64 128 493.147
128 128 491.963
256 128 492.804
512 128 492.082
1024 128 492.497
2048 128 492.402
4096 128 492.372
8192 128 492.431
64 256 492.562
128 256 492.366
256 256 492.48
512 256 492.328
1024 256 491.663
2048 256 493.294
4096 256 491.542
8192 256 493.299
64 512 491.636
128 512 494.881
256 512 494.694
512 512 496.561
1024 512 494.719
2048 512 496.693
4096 512 494.841
8192 512 496.583
64 1024 494.935
128 1024 496.562
256 1024 494.827
512 1024 496.609
1024 1024 494.933
2048 1024 558.481
4096 1024 494.949
8192 1024 569.937
--------------------------------------
biggest_contour_first
64 32 518.31
128 32 518.066
256 32 516.228
512 32 515.534
1024 32 516.711
2048 32 514.967
4096 32 516.95
8192 32 515.256
64 64 517.086
128 64 515.167
256 64 517.367
512 64 515.624
1024 64 517.384
2048 64 515.177
4096 64 517.171
8192 64 515.167
64 128 516.817
128 128 515.465
256 128 517.211
512 128 515.444
1024 128 516.92
2048 128 515.56
4096 128 516.951
8192 128 515.188
64 256 517.032
128 256 515.065
256 256 517.354
512 256 516.109
1024 256 520.676
2048 256 524.197
4096 256 519.846
8192 256 520.145
64 512 519.474
128 512 520.257
256 512 518.849
512 512 520.605
1024 512 519.279
2048 512 520.63
4096 512 519.092
8192 512 520.772
64 1024 519.138
128 1024 520.61
256 1024 518.784
512 1024 520.739
1024 1024 519.097
2048 1024 520.73
4096 1024 518.763
8192 1024 520.383
--------------------------------------
